test
1 29987U 17334S   24106.00000000  .00001001  00000-0  45310-3 0  9990
2 29987 015.0000 332.2554 0001231 47.4610 205.7731  13.71820404   942
test00
1 38137U 79340S   24106.00000000  .00001001  00000-0  45310-3 0  9996
2 38137 015.0000 332.2554 0001231 47.4610 205.7731  13.71820404   942
test01
1 61405U 56930S   24106.00364479  .00001001  00000-0  45310-3 0  9994
2 61405 015.0000 332.2554 0001231 47.4610 205.7731  13.71820404   940
test02
1 13592U 77454S   24106.00728958  .00001001  00000-0  45310-3 0  9995
2 13592 015.0000 332.2554 0001231 47.4610 205.7731  13.71820404   947
test03
1 55560U 15017S   24106.01093438  .00001001  00000-0  45310-3 0  9996
2 55560 015.0000 332.2554 0001231 47.4610 205.7731  13.71820404   945
test04
1 28144U 39860S   24106.01457917  .00001001  00000-0  45310-3 0  9993
2 28144 015.0000 332.2554 0001231 47.4610 205.7731  13.71820404   949
test05
1 46134U 44698S   24106.01822396  .00001001  00000-0  45310-3 0  9991
2 46134 015.0000 332.2554 0001231 47.4610 205.7731  13.71820404   949
test06
1 30264U 79335S   24106.02186875  .00001001  00000-0  45310-3 0  9998
2 30264 015.0000 332.2554 0001231 47.4610 205.7731  13.71820404   949
test07
1 26336U 55114S   24106.02551354  .00001001  00000-0  45310-3 0  9999
2 26336 015.0000 332.2554 0001231 47.4610 205.7731  13.71820404   941
test08
1 47935U 76848S   24106.02915834  .00001001  00000-0  45310-3 0  9992
2 47935 015.0000 332.2554 0001231 47.4610 205.7731  13.71820404   940
test09
1 45952U 29214S   24106.03280313  .00001001  00000-0  45310-3 0  9995
2 45952 015.0000 332.2554 0001231 47.4610 205.7731  13.71820404   947
test010
1 59563U 84913S   24106.03644792  .00001001  00000-0  45310-3 0  9995
2 59563 015.0000 332.2554 0001231 47.4610 205.7731  13.71820404   948
test011
1 66956U 62020S   24106.04009271  .00001001  00000-0  45310-3 0  9995
2 66956 015.0000 332.2554 0001231 47.4610 205.7731  13.71820404   941
test012
1 10061U 22304S   24106.04373750  .00001001  00000-0  45310-3 0  9994
2 10061 015.0000 332.2554 0001231 47.4610 205.7731  13.71820404   946
test013
1 88406U 82077S   24106.04738230  .00001001  00000-0  45310-3 0  9992
2 88406 015.0000 332.2554 0001231 47.4610 205.7731  13.71820404   941
test014
1 87935U 18607S   24106.05102709  .00001001  00000-0  45310-3 0  9991
2 87935 015.0000 332.2554 0001231 47.4610 205.7731  13.71820404   940
test015
1 76673U 26444S   24106.05467188  .00001001  00000-0  45310-3 0  9996
2 76673 015.0000 332.2554 0001231 47.4610 205.7731  13.71820404   948
test016
1 27372U 94767S   24106.05831667  .00001001  00000-0  45310-3 0  9998
2 27372 015.0000 332.2554 0001231 47.4610 205.7731  13.71820404   947
test017
1 37754U 67913S   24106.06196146  .00001001  00000-0  45310-3 0  9996
2 37754 015.0000 332.2554 0001231 47.4610 205.7731  13.71820404   949
test018
1 47646U 39028S   24106.06560626  .00001001  00000-0  45310-3 0  9993
2 47646 015.0000 332.2554 0001231 47.4610 205.7731  13.71820404   941
test019
1 24769U 59066S   24106.06925105  .00001001  00000-0  45310-3 0  9994
2 24769 015.0000 332.2554 0001231 47.4610 205.7731  13.71820404   944
test10
1 34662U 27884S   24106.00000000  .00001001  00000-0  45310-3 0  9995
2 34662 015.0000 44.2554 0001231 47.4610 205.7731  13.71820404   947
test11
1 30417U 59682S   24106.00364479  .00001001  00000-0  45310-3 0  9998
2 30417 015.0000 44.2554 0001231 47.4610 205.7731  13.71820404   942
test12
1 31576U 47745S   24106.00728958  .00001001  00000-0  45310-3 0  9990
2 31576 015.0000 44.2554 0001231 47.4610 205.7731  13.71820404   941
test13
1 18477U 65012S   24106.01093438  .00001001  00000-0  45310-3 0  9998
2 18477 015.0000 44.2554 0001231 47.4610 205.7731  13.71820404   942
test14
1 38963U 37309S   24106.01457917  .00001001  00000-0  45310-3 0  9991
2 38963 015.0000 44.2554 0001231 47.4610 205.7731  13.71820404   948
test15
1 92747U 40124S   24106.01822396  .00001001  00000-0  45310-3 0  9990
2 92747 015.0000 44.2554 0001231 47.4610 205.7731  13.71820404   942
test16
1 56482U 48349S   24106.02186875  .00001001  00000-0  45310-3 0  9990
2 56482 015.0000 44.2554 0001231 47.4610 205.7731  13.71820404   947
test17
1 58697U 89151S   24106.02551354  .00001001  00000-0  45310-3 0  9997
2 58697 015.0000 44.2554 0001231 47.4610 205.7731  13.71820404   942
test18
1 19895U 80468S   24106.02915834  .00001001  00000-0  45310-3 0  9992
2 19895 015.0000 44.2554 0001231 47.4610 205.7731  13.71820404   940
test19
1 95026U 75955S   24106.03280313  .00001001  00000-0  45310-3 0  9990
2 95026 015.0000 44.2554 0001231 47.4610 205.7731  13.71820404   941
test110
1 22579U 89917S   24106.03644792  .00001001  00000-0  45310-3 0  9995
2 22579 015.0000 44.2554 0001231 47.4610 205.7731  13.71820404   944
test111
1 24797U 79049S   24106.04009271  .00001001  00000-0  45310-3 0  9995
2 24797 015.0000 44.2554 0001231 47.4610 205.7731  13.71820404   942
test112
1 63659U 90288S   24106.04373750  .00001001  00000-0  45310-3 0  9996
2 63659 015.0000 44.2554 0001231 47.4610 205.7731  13.71820404   944
test113
1 47925U 73000S   24106.04738230  .00001001  00000-0  45310-3 0  9994
2 47925 015.0000 44.2554 0001231 47.4610 205.7731  13.71820404   940
test114
1 82779U 71352S   24106.05102709  .00001001  00000-0  45310-3 0  9990
2 82779 015.0000 44.2554 0001231 47.4610 205.7731  13.71820404   944
test115
1 15325U 34684S   24106.05467188  .00001001  00000-0  45310-3 0  9998
2 15325 015.0000 44.2554 0001231 47.4610 205.7731  13.71820404   940
test116
1 27945U 61759S   24106.05831667  .00001001  00000-0  45310-3 0  9993
2 27945 015.0000 44.2554 0001231 47.4610 205.7731  13.71820404   940
test117
1 38275U 48325S   24106.06196146  .00001001  00000-0  45310-3 0  9999
2 38275 015.0000 44.2554 0001231 47.4610 205.7731  13.71820404   940
test118
1 85109U 47267S   24106.06560626  .00001001  00000-0  45310-3 0  9995
2 85109 015.0000 44.2554 0001231 47.4610 205.7731  13.71820404   944
test119
1 10273U 19792S   24106.06925105  .00001001  00000-0  45310-3 0  9994
2 10273 015.0000 44.2554 0001231 47.4610 205.7731  13.71820404   948
test20
1 70142U 13966S   24106.00000000  .00001001  00000-0  45310-3 0  9997
2 70142 015.0000 116.2554 0001231 47.4610 205.7731  13.71820404   947
test21
1 14909U 72529S   24106.00364479  .00001001  00000-0  45310-3 0  9997
2 14909 015.0000 116.2554 0001231 47.4610 205.7731  13.71820404   944
test22
1 90525U 63045S   24106.00728958  .00001001  00000-0  45310-3 0  9999
2 90525 015.0000 116.2554 0001231 47.4610 205.7731  13.71820404   940
test23
1 36830U 87732S   24106.01093438  .00001001  00000-0  45310-3 0  9991
2 36830 015.0000 116.2554 0001231 47.4610 205.7731  13.71820404   945
test24
1 36253U 40249S   24106.01457917  .00001001  00000-0  45310-3 0  9991
2 36253 015.0000 116.2554 0001231 47.4610 205.7731  13.71820404   948
test25
1 30264U 25177S   24106.01822396  .00001001  00000-0  45310-3 0  9990
2 30264 015.0000 116.2554 0001231 47.4610 205.7731  13.71820404   949
test26
1 46571U 40096S   24106.02186875  .00001001  00000-0  45310-3 0  9996
2 46571 015.0000 116.2554 0001231 47.4610 205.7731  13.71820404   946
test27
1 96906U 12975S   24106.02551354  .00001001  00000-0  45310-3 0  9990
2 96906 015.0000 116.2554 0001231 47.4610 205.7731  13.71820404   941
test28
1 51949U 54850S   24106.02915834  .00001001  00000-0  45310-3 0  9998
2 51949 015.0000 116.2554 0001231 47.4610 205.7731  13.71820404   944
test29
1 42234U 54205S   24106.03280313  .00001001  00000-0  45310-3 0  9998
2 42234 015.0000 116.2554 0001231 47.4610 205.7731  13.71820404   949
test210
1 32184U 26864S   24106.03644792  .00001001  00000-0  45310-3 0  9997
2 32184 015.0000 116.2554 0001231 47.4610 205.7731  13.71820404   949
test211
1 12567U 69738S   24106.04009271  .00001001  00000-0  45310-3 0  9994
2 12567 015.0000 116.2554 0001231 47.4610 205.7731  13.71820404   942
test212
1 66069U 67316S   24106.04373750  .00001001  00000-0  45310-3 0  9994
2 66069 015.0000 116.2554 0001231 47.4610 205.7731  13.71820404   944
test213
1 35243U 75558S   24106.04738230  .00001001  00000-0  45310-3 0  9990
2 35243 015.0000 116.2554 0001231 47.4610 205.7731  13.71820404   948
test214
1 49079U 21293S   24106.05102709  .00001001  00000-0  45310-3 0  9991
2 49079 015.0000 116.2554 0001231 47.4610 205.7731  13.71820404   944
test215
1 54843U 67620S   24106.05467188  .00001001  00000-0  45310-3 0  9992
2 54843 015.0000 116.2554 0001231 47.4610 205.7731  13.71820404   948
test216
1 90435U 77525S   24106.05831667  .00001001  00000-0  45310-3 0  9999
2 90435 015.0000 116.2554 0001231 47.4610 205.7731  13.71820404   940
test217
1 15150U 89395S   24106.06196146  .00001001  00000-0  45310-3 0  9994
2 15150 015.0000 116.2554 0001231 47.4610 205.7731  13.71820404   945
test218
1 96127U 96431S   24106.06560626  .00001001  00000-0  45310-3 0  9997
2 96127 015.0000 116.2554 0001231 47.4610 205.7731  13.71820404   942
test219
1 53932U 27983S   24106.06925105  .00001001  00000-0  45310-3 0  9994
2 53932 015.0000 116.2554 0001231 47.4610 205.7731  13.71820404   947
test30
1 45194U 72980S   24106.00000000  .00001001  00000-0  45310-3 0  9993
2 45194 015.0000 188.2554 0001231 47.4610 205.7731  13.71820404   949
test31
1 69949U 41915S   24106.00364479  .00001001  00000-0  45310-3 0  9993
2 69949 015.0000 188.2554 0001231 47.4610 205.7731  13.71820404   944
test32
1 22742U 37529S   24106.00728958  .00001001  00000-0  45310-3 0  9990
2 22742 015.0000 188.2554 0001231 47.4610 205.7731  13.71820404   947
test33
1 68378U 91981S   24106.01093438  .00001001  00000-0  45310-3 0  9998
2 68378 015.0000 188.2554 0001231 47.4610 205.7731  13.71820404   943
test34
1 83632U 40347S   24106.01457917  .00001001  00000-0  45310-3 0  9998
2 83632 015.0000 188.2554 0001231 47.4610 205.7731  13.71820404   947
test35
1 31723U 57515S   24106.01822396  .00001001  00000-0  45310-3 0  9997
2 31723 015.0000 188.2554 0001231 47.4610 205.7731  13.71820404   948
test36
1 38035U 89942S   24106.02186875  .00001001  00000-0  45310-3 0  9996
2 38035 015.0000 188.2554 0001231 47.4610 205.7731  13.71820404   940
test37
1 29231U 68670S   24106.02551354  .00001001  00000-0  45310-3 0  9990
2 29231 015.0000 188.2554 0001231 47.4610 205.7731  13.71820404   946
test38
1 41849U 18680S   24106.02915834  .00001001  00000-0  45310-3 0  9998
2 41849 015.0000 188.2554 0001231 47.4610 205.7731  13.71820404   944
test39
1 17759U 71417S   24106.03280313  .00001001  00000-0  45310-3 0  9995
2 17759 015.0000 188.2554 0001231 47.4610 205.7731  13.71820404   944
test310
1 70299U 23091S   24106.03644792  .00001001  00000-0  45310-3 0  9999
2 70299 015.0000 188.2554 0001231 47.4610 205.7731  13.71820404   944
test311
1 88936U 32787S   24106.04009271  .00001001  00000-0  45310-3 0  9992
2 88936 015.0000 188.2554 0001231 47.4610 205.7731  13.71820404   941
test312
1 84077U 60553S   24106.04373750  .00001001  00000-0  45310-3 0  9999
2 84077 015.0000 188.2554 0001231 47.4610 205.7731  13.71820404   942
test313
1 84395U 13823S   24106.04738230  .00001001  00000-0  45310-3 0  9997
2 84395 015.0000 188.2554 0001231 47.4610 205.7731  13.71820404   940
test314
1 24134U 75879S   24106.05102709  .00001001  00000-0  45310-3 0  9992
2 24134 015.0000 188.2554 0001231 47.4610 205.7731  13.71820404   949
test315
1 24620U 61615S   24106.05467188  .00001001  00000-0  45310-3 0  9994
2 24620 015.0000 188.2554 0001231 47.4610 205.7731  13.71820404   945
test316
1 91949U 59564S   24106.05831667  .00001001  00000-0  45310-3 0  9992
2 91949 015.0000 188.2554 0001231 47.4610 205.7731  13.71820404   944
test317
1 46068U 93240S   24106.06196146  .00001001  00000-0  45310-3 0  9997
2 46068 015.0000 188.2554 0001231 47.4610 205.7731  13.71820404   943
test318
1 23514U 46707S   24106.06560626  .00001001  00000-0  45310-3 0  9990
2 23514 015.0000 188.2554 0001231 47.4610 205.7731  13.71820404   949
test319
1 21159U 98861S   24106.06925105  .00001001  00000-0  45310-3 0  9999
2 21159 015.0000 188.2554 0001231 47.4610 205.7731  13.71820404   944
test40
1 72760U 32223S   24106.00000000  .00001001  00000-0  45310-3 0  9992
2 72760 015.0000 260.2554 0001231 47.4610 205.7731  13.71820404   945
test41
1 37963U 58921S   24106.00364479  .00001001  00000-0  45310-3 0  9993
2 37963 015.0000 260.2554 0001231 47.4610 205.7731  13.71820404   948
test42
1 10277U 23622S   24106.00728958  .00001001  00000-0  45310-3 0  9998
2 10277 015.0000 260.2554 0001231 47.4610 205.7731  13.71820404   942
test43
1 43323U 64540S   24106.01093438  .00001001  00000-0  45310-3 0  9992
2 43323 015.0000 260.2554 0001231 47.4610 205.7731  13.71820404   948
test44
1 14989U 73948S   24106.01457917  .00001001  00000-0  45310-3 0  9996
2 14989 015.0000 260.2554 0001231 47.4610 205.7731  13.71820404   944
test45
1 21746U 47806S   24106.01822396  .00001001  00000-0  45310-3 0  9991
2 21746 015.0000 260.2554 0001231 47.4610 205.7731  13.71820404   941
test46
1 35564U 46543S   24106.02186875  .00001001  00000-0  45310-3 0  9996
2 35564 015.0000 260.2554 0001231 47.4610 205.7731  13.71820404   949
test47
1 32854U 40772S   24106.02551354  .00001001  00000-0  45310-3 0  9995
2 32854 015.0000 260.2554 0001231 47.4610 205.7731  13.71820404   949
test48
1 67429U 72677S   24106.02915834  .00001001  00000-0  45310-3 0  9995
2 67429 015.0000 260.2554 0001231 47.4610 205.7731  13.71820404   944
test49
1 29602U 60230S   24106.03280313  .00001001  00000-0  45310-3 0  9991
2 29602 015.0000 260.2554 0001231 47.4610 205.7731  13.71820404   947
test410
1 14383U 20442S   24106.03644792  .00001001  00000-0  45310-3 0  9994
2 14383 015.0000 260.2554 0001231 47.4610 205.7731  13.71820404   948
test411
1 91069U 11888S   24106.04009271  .00001001  00000-0  45310-3 0  9996
2 91069 015.0000 260.2554 0001231 47.4610 205.7731  13.71820404   944
test412
1 56491U 34587S   24106.04373750  .00001001  00000-0  45310-3 0  9997
2 56491 015.0000 260.2554 0001231 47.4610 205.7731  13.71820404   946
test413
1 97464U 13414S   24106.04738230  .00001001  00000-0  45310-3 0  9997
2 97464 015.0000 260.2554 0001231 47.4610 205.7731  13.71820404   949
test414
1 99432U 24586S   24106.05102709  .00001001  00000-0  45310-3 0  9997
2 99432 015.0000 260.2554 0001231 47.4610 205.7731  13.71820404   947
test415
1 74417U 92350S   24106.05467188  .00001001  00000-0  45310-3 0  9996
2 74417 015.0000 260.2554 0001231 47.4610 205.7731  13.71820404   942
test416
1 68977U 10156S   24106.05831667  .00001001  00000-0  45310-3 0  9992
2 68977 015.0000 260.2554 0001231 47.4610 205.7731  13.71820404   942
test417
1 24941U 52933S   24106.06196146  .00001001  00000-0  45310-3 0  9993
2 24941 015.0000 260.2554 0001231 47.4610 205.7731  13.71820404   946
test418
1 94415U 23293S   24106.06560626  .00001001  00000-0  45310-3 0  9997
2 94415 015.0000 260.2554 0001231 47.4610 205.7731  13.71820404   940
test419
1 14216U 23971S   24106.06925105  .00001001  00000-0  45310-3 0  9996
2 14216 015.0000 260.2554 0001231 47.4610 205.7731  13.71820404   941
